1,1,0,0,0,1,0,0,0,1
2,1,0,0,0,1,0,0,0,1
3,1,0,0,0,1,0,0,0,1
4,1,-2.262069118449538e-16,-1.383443460126536e-13,4.339774608462745e-16,0.999999999999999,3.901533813653428e-13,4.432654875203872e-19,-5.558470096075839e-19,1
5,1,0,0,0,1,0,0,0,1
6,0.9999999999999996,-6.458336988082248e-17,1.506094349076694e-13,-1.542980865737375e-16,0.9999999999999994,2.782749035218347e-13,-2.976913724990449e-19,-1.636296494653223e-19,1
7,1,0,0,0,1,0,0,0,1
8,1,0,0,0,1,0,0,0,1
9,1,0,0,0,1,0,0,0,1
10,1,0,0,0,1,0,0,0,1
11,1,0,0,0,1,0,0,0,1
12,1.000000000000002,3.38414799736821e-15,-2.251923919763193e-12,0,1.000000000000003,-6.869259368311297e-13,-2.611134113243628e-19,2.392514264919733e-18,1
13,1,0,0,0,1,0,0,0,1
14,1,0,0,0,1,0,0,0,1
15,1,0,0,0,1,0,0,0,1
16,1,-2.111089239741939e-17,-3.61256969330017e-14,8.438271500222512e-17,1,-2.245882704494747e-14,4.683541439940573e-20,-8.841604006767517e-21,1
17,1,0,0,0,1,0,0,0,1
18,1,0,0,0,1,0,0,0,1
19,0.9999999999999999,-5.767082589569404e-17,2.67771170250304e-13,2.741291074557734e-17,1,-1.098029307783011e-13,-1.581167254030228e-20,1.653141692277592e-19,1
20,1.000000000000043,-8.893427649482729e-16,-4.057398480674928e-11,1.64477464473464e-15,1.00000000000002,-3.650773152123081e-12,9.452456248401865e-18,2.594902373117751e-18,1
21,0.9996699019760058,-0.0002469901923881373,0.4142537432276415,-0.0001084817445052963,0.9997070062957794,0.2437318527052612,-1.942488493996454e-08,-1.971651383663856e-07,1
22,0.9999999999999999,3.971745595479202e-16,-1.967804747465325e-13,6.679558611978465e-17,0.9999999999999999,6.429625824332608e-14,-2.450316728505454e-20,-1.484883068351349e-20,1
23,1,-9.053376968427795e-17,4.829202352249838e-14,0,1,7.834867730957522e-14,3.077285001206654e-20,-6.640233868659574e-20,1
24,1,0,0,0,1,0,0,0,1
25,1,0,0,0,1,0,0,0,1
26,1,0,0,0,1,0,0,0,1
27,1,0,0,0,1,0,0,0,1
28,1,0,0,0,1,0,0,0,1
29,1,-1.517067407494093e-17,9.328522062451083e-15,0,1,6.798840148774803e-15,4.974927956056467e-22,-1.465032171395696e-20,1
30,1,0,0,0,1,0,0,0,1
31,0.9999999999999999,6.740238508442182e-16,-6.934705748055605e-13,-1.616017593768529e-16,1,-4.426470234675692e-14,-1.247566401576917e-19,1.656265397670337e-19,1
32,1,0,0,0,1,0,0,0,1
33,1,0,0,0,1,0,0,0,1
34,1,0,0,0,1,0,0,0,1
35,1,0,0,0,1,0,0,0,1
36,0.9999999999999994,-1.703597840174603e-15,1.514913081431358e-12,1.444913895451895e-16,0.999999999999999,-1.040442320376101e-13,8.496772791806037e-20,-1.006494133070671e-18,1
37,1.000000000000009,4.883959581559245e-15,-8.341476091291658e-12,1.553685907713511e-15,1.000000000000011,-7.445709923000171e-12,1.425156017522843e-18,3.952602685449993e-18,1
38,1,0,0,0,1,0,0,0,1
39,1,0,0,0,1,0,0,0,1
40,1,0,0,0,1,0,0,0,1
41,0.9992540533267323,-0.0001191769271452351,1.057845163283533,-0.000350119490484751,0.9994731704053015,1.721140891905493,-1.772662534177307e-07,-1.406832216982872e-07,1
42,0.9991863751731838,-0.0002368751382822544,1.196067729488547,-0.0003919518568645267,0.999341186663069,1.800971292764323,-1.878160889194103e-07,-2.127234120245108e-07,0.9999999999999999
43,0.9990849591654708,-0.0001194396915990567,1.224733317648796,-0.0004335153873540806,0.9993839658854095,1.957926723264985,-2.292160213796133e-07,-1.534285229804256e-07,1
44,0.9997552890006953,-0.000777319611493889,0.9470519260175945,2.345631424989359e-05,0.9997911791370141,0.6179826900369441,2.824181687136321e-08,-4.243287224649081e-07,1
45,0.999311459061356,0.0001984038542865786,0.7017983302981655,-0.0004634097247182949,0.9992104346469078,1.808195035359525,-9.5903307682814e-08,-2.494308685771423e-07,1
46,0.9990719233007936,0.0002378988964003804,0.9349372241773635,-0.0005297258742477644,0.9997548816931866,1.894702954948292,-2.231915470195867e-07,-1.616844367486774e-08,1
47,0.9989804721585019,-0.0002071307987253035,1.323039584494658,-0.000490287136951657,0.9991640581821541,2.137074014982261,-2.546417610137505e-07,-1.898935902687493e-07,1
48,0.998706326587808,-0.0003041424240673996,0.9471860287715571,-0.0009341929272174123,0.9986909443257334,2.525740731722875,-3.528034773493579e-07,-3.805640863783977e-07,1
49,0.9990048846342472,-0.0001362710585688806,1.336531767822023,-0.0005267599563113801,0.9993844662717795,2.088981650595831,-2.519040983566473e-07,-1.300531503749506e-07,1
50,0.9991949768843292,-0.0001236780324517757,1.257856833887899,-0.0005887392799160918,0.9995308591679284,2.233485554894712,-2.022191379101794e-07,-1.381315439654505e-07,1
51,0.9991619580596925,-2.091708912755641e-05,1.201969262385681,-0.000635506583274795,0.9994671508214983,2.465908406134839,-2.116268937713308e-07,-1.279765716735097e-07,1
52,0.999155529548895,-0.0002991121256168611,1.30576662619424,-0.0007044009724079311,0.9994334176667161,2.512637807352211,-1.030078524246571e-07,-4.203158028999101e-07,1
53,0.998989983046393,-6.76805490164766e-05,1.242505233444505,-0.0007052853185020482,0.9993218944662212,2.79075701410549,-2.760726251163983e-07,-1.326118941875166e-07,1
54,0.9991294517529949,-0.0001277183103979583,1.21039430554397,-0.000606721261755691,0.9991926331349267,2.827492961651795,-2.008412725693661e-07,-2.445071538860251e-07,1
55,0.998836414437669,-0.0005804467654064561,1.489004733676716,-0.0002522857273688131,0.9990401228968215,1.984940542165427,-2.046635127983579e-07,-5.580920212422321e-07,1
56,0.9992516554637362,-7.829548233568734e-05,1.095243377524163,-0.000588279141061849,0.999344452752952,2.737848312950052,-1.847915414455787e-07,-1.829482242597112e-07,1
57,0.9990613521992537,-0.0001616890965178243,1.217468260909144,-0.0006402304595267554,0.9992077024379197,2.701053490111604,-2.169857086639362e-07,-2.671528774324355e-07,1
58,0.9990488174982146,-9.698485399413542e-05,1.223690011296408,-0.0006244550534235042,0.9992675762882798,2.703284512562718,-2.318777355092762e-07,-1.985196445587268e-07,1
59,1.000081359244115,-0.0004297476747413399,0.7115997857106732,-0.0005497977608350316,0.9999795840162167,1.699700339194757,8.028307771769558e-08,-1.962851393755661e-07,1
60,0.9994064989570184,-0.0006962454596372966,1.382191606662537,-6.894115799399979e-05,0.9992999513154508,1.050089714667107,-5.331215176344587e-08,-3.915633829907567e-07,1
61,0.9989121796143502,-0.0002653407801747495,1.306513101318753,-0.0007050335447387294,0.9991793714462661,2.545313040666141,-2.572178715445479e-07,-2.836527916527173e-07,1
62,0.9989836783728588,-8.390500544077079e-05,1.426962320119763,-0.000686498609755899,0.9995542563683549,2.20990023653211,-2.165537595078816e-07,-1.540546006217337e-07,1
63,0.9990065812305361,6.878476397954311e-06,1.170809507107242,-0.0006991667909754054,0.999370893603426,2.560469427804154,-2.752120887352986e-07,-1.250261071475743e-07,1
64,0.9995596015580543,0.0005388949869268992,0.5063762246124044,-0.0006877413255459912,1.000221398451915,1.887820219309984,-1.258410254258634e-07,9.564727301303456e-08,1
65,0.9990508232437256,-0.0002477136310496736,1.419112160504128,-0.0006648479778600353,0.9991065803157352,2.986199844337995,-1.90509076546501e-07,-2.94248999306654e-07,1
66,0.9987396145613663,-0.0001616473121411612,1.564023846359651,-0.0007797315904267707,0.9990203184948497,3.118527899859841,-2.860461847963419e-07,-3.020976971730692e-07,1
67,0.9986469912094049,-0.0002579959635659735,1.717458395880955,-0.000781874133201419,0.998849852500955,3.27025900693278,-3.151846730680616e-07,-3.32643566517161e-07,1
68,0.9986851572119688,6.689668766270453e-05,1.576126075642824,-0.0008741390760760892,0.9991864955874199,3.474858417426557,-3.458929660786723e-07,-1.753382422210004e-07,1
69,0.9985972151182423,0.0001034037353418552,1.651626639673474,-0.0008971305196305113,0.9991302715005157,3.58965422925722,-3.659142597977762e-07,-1.790069417829557e-07,1
70,0.9983029092268501,-0.000289045730527918,1.893664716948994,-0.0008341031552231693,0.9991569012042376,3.258691093950923,-3.433171072938225e-07,-4.12590341700749e-07,1
71,0.9986153254473458,9.706511688185204e-05,1.690832280793631,-0.000887641718292226,0.9991480379849063,3.629289844285545,-3.433228555028966e-07,-2.281996741922662e-07,1
72,0.9985197501992334,8.425153419329942e-05,1.754615722050023,-0.0009152513572455618,0.9990224796626916,3.694852804509575,-3.688462542547361e-07,-2.384672762744467e-07,1
73,0.9983935171916778,-2.081553761691829e-05,1.937687116500179,-0.0009974163984380585,0.9988954611316107,3.88982325409989,-4.004099175809513e-07,-2.638565282980151e-07,1
74,0.9984362780067393,-3.400924248150294e-05,1.896368476009539,-0.0009613793570747672,0.9988990442286659,3.848631984449586,-3.97412830170702e-07,-2.590523257974884e-07,1
75,0.9986008851366245,3.795145039846611e-05,1.7661776790635,-0.0009379198803421452,0.9990619313381454,3.8027614278052,-3.484880558040901e-07,-2.184000725454572e-07,1
76,0.9986359356745192,5.598497180488817e-05,1.740227171694448,-0.0009500744791834549,0.9991263641915198,3.797024292429484,-3.446228570823569e-07,-2.087218490951064e-07,1
77,0.9985356752430893,8.625774108230434e-05,1.840794477881171,-0.0009904794262796304,0.9990817666769928,3.96216788742907,-3.685032640402024e-07,-1.988773387938306e-07,1
78,0.9985573484927034,-4.762420697897048e-07,1.9034057374281,-0.0009697493769096955,0.9989515862014264,3.984743505974163,-3.401258766314414e-07,-2.772912913029234e-07,1
79,0.9984879193913446,2.224817710912555e-05,1.92651518470762,-0.001038226515300355,0.9988626969639435,4.152788115201565,-3.558926954586959e-07,-3.066458545802409e-07,1
80,0.9984536539775908,7.294307430244051e-05,1.922692832118524,-0.001103450656696731,0.998929717536704,4.271916886455426,-3.929452039209274e-07,-2.377366691696494e-07,1
81,0.9980161930919224,0.0001418118544189584,1.832188736005357,-0.001219163985728056,0.9987081186734396,4.514580901616542,-4.403692184540192e-07,-3.307539936286164e-07,1
82,0.998066337870245,0.0004645304151689399,1.9455578439167,-0.001096864848267719,0.9991463313285743,4.087031700448365,-4.094196013495919e-07,-2.056845129168973e-07,1
83,0.9984062334603293,0.0001930276604632276,1.902258774299438,-0.001075756190426603,0.9989292411271994,4.264723427973008,-3.85601869112368e-07,-2.603020193357433e-07,1
84,0.9983945168819883,0.0001953380555551868,1.914674785165339,-0.001080419598292078,0.9989890098618597,4.217937079898461,-3.877960033146324e-07,-2.412733809887358e-07,1
85,0.9984353581193972,0.0001102681744130706,1.865325221827684,-0.001075587882084475,0.9988234576002033,4.322633657113652,-3.714150222605351e-07,-3.13020379364169e-07,1
86,0.9984117087207474,0.000124950711519569,1.869313813561982,-0.001060615147281056,0.9987503222914982,4.360679503629466,-3.678296835413685e-07,-3.233006994838421e-07,1
87,0.9982013765983022,6.167473409386853e-05,2.094821946994585,-0.001187119393322077,0.9986607354059054,4.557211375180609,-4.223947073460615e-07,-3.193231575977489e-07,1
88,0.9982948650182593,-8.740734666045814e-06,2.123945175128176,-0.001138002848776664,0.9986467501627461,4.555359168101895,-3.775747418031382e-07,-3.568457038278619e-07,1
89,0.9984654842636306,0.0001049863250594562,1.871111216876951,-0.001140457778724491,0.9988008623652621,4.597593898569793,-3.541038164553476e-07,-2.95794629485804e-07,1
90,0.9985655255040147,0.0001204229619348833,1.722704595257369,-0.00118676118152595,0.9989113834631133,4.589628611828325,-3.361579582822858e-07,-2.987487433558359e-07,1
91,0.9984747664556264,-3.084887363658602e-05,1.890836126550963,-0.001157567488965152,0.9987345643273191,4.608119614860245,-3.475466323581902e-07,-3.436963397387688e-07,1
92,0.9985286217228638,-1.473206836946621e-05,1.836807979996725,-0.001168393395062231,0.998776745356553,4.628712668245646,-3.225000193888482e-07,-3.593146077879053e-07,1
93,0.9984485622365896,-9.857933936773887e-05,1.99524242789937,-0.001173563152320239,0.9986836036942873,4.68432216400963,-3.239408584188263e-07,-4.134522762902184e-07,1
94,0.9984925271572163,0.0001156513395279838,1.788588587724186,-0.001170026311035604,0.9986376581292021,4.704548806923254,-3.20187857233881e-07,-4.206723854920106e-07,1
95,0.9983471107063282,0.0001658273014039205,1.892366445804724,-0.001220993699387759,0.9987483748604313,4.642971139963796,-3.816939840299422e-07,-3.617202105873167e-07,1
96,0.9983332688616098,0.0002220002436327191,1.889286486486855,-0.0012526605695729,0.9987961653123733,4.657968069330226,-3.813075723123089e-07,-3.503820031469431e-07,1
97,0.9984308205947258,0.0002177461132315337,1.873578949235874,-0.001234094210099563,0.9988761414585077,4.641601565255018,-3.587802957734079e-07,-3.239511118135127e-07,1
98,0.9983516839712842,0.0002901521015012534,1.852236909704655,-0.001297663205338332,0.9988106048400993,4.815257378837193,-3.809519977957562e-07,-3.274373290517966e-07,1
99,0.9984690350709523,0.0001601360430449697,1.85587460231402,-0.001315358895568643,0.9986863461008988,4.996585336673867,-3.569414105606951e-07,-3.687739087855967e-07,1
100,0.9984883760045122,0.0002617229296912341,1.77307379978693,-0.00129156419756091,0.9987495871604013,4.944427623596877,-3.58812933374982e-07,-3.283652695342828e-07,1
101,0.9985667038779162,0.0001537993007946362,1.844077305407648,-0.001310782263538565,0.998841736827187,4.968726216801576,-3.174468275949418e-07,-3.57689312308633e-07,1
102,0.9985961245956696,0.0002078388854631293,1.754507264318595,-0.001260659156539102,0.9988369161359505,4.902886448974952,-3.147369489677781e-07,-3.574839873505247e-07,1
103,0.9985313438527632,0.000153170063433573,1.89213928331481,-0.0013398258504926,0.9988887519362316,5.034452130765055,-3.367638486291731e-07,-3.330169612014732e-07,1
104,0.9984732537242428,0.0002042293003388995,1.892313937282566,-0.00132598398939524,0.9988634927151507,5.010372167767658,-3.531389911242297e-07,-3.366794830707194e-07,1
105,0.9984158820381431,0.0002966989450853506,2.037480309258447,-0.00141187930342995,0.9988551122913119,5.189978728158336,-3.493408574597649e-07,-3.698760638716822e-07,1
106,0.9984499489071955,0.0002596405776357574,2.116881691442261,-0.001339138523523627,0.9989236096664468,5.14541363147511,-3.605114459141112e-07,-3.157791493548513e-07,1
107,0.9983935400746158,0.0001756664447161518,2.255098592521222,-0.001363495721838356,0.9988633417633175,5.264096897256336,-3.76336359264106e-07,-3.328715281433512e-07,1
108,0.9983843767733895,0.0001777161532088112,2.396211429761824,-0.001423929831135901,0.9988088200599675,5.544197488853921,-3.905436806509756e-07,-3.070516777198147e-07,1
109,0.99822174833543,-9.634172296992667e-05,2.702810711280776,-0.001427346952438436,0.9985514318657278,5.552769402499576,-3.948619767589021e-07,-4.506047158371586e-07,1
110,0.9985162584214976,8.757044671603147e-05,2.545940152552758,-0.001401709146741929,0.9989137106062607,5.676199129708793,-3.256141901116914e-07,-3.570321384042226e-07,1
111,0.9983688632919465,0.000116245066879229,2.632499539639022,-0.001426547228529188,0.9987343507639153,5.800780651620436,-3.748505183307946e-07,-3.63267575748273e-07,1
112,0.9982793726308382,0.0001679337883663213,2.742211641937905,-0.001454073178927169,0.9987092777293572,5.912094910578074,-4.079817340146157e-07,-3.319729372175891e-07,1
113,0.9981548777336208,0.0001942037294834223,2.860916199565195,-0.001520474764141045,0.9986124069252219,5.981496535815531,-4.146202489877908e-07,-3.914781548905593e-07,1
114,0.9981772792740361,0.0002178162745537983,2.833664103420604,-0.001488562791884483,0.998794957491733,5.831902005563136,-4.097865865998969e-07,-3.803833495091462e-07,1
115,0.9981997193830485,0.0001190538593493832,2.855068806653919,-0.001448546490608002,0.9986957341493952,5.841027943140804,-3.970801660416197e-07,-4.204789380346025e-07,1
116,0.9980118402883764,5.263902300842518e-05,3.023082042131291,-0.001519492888019981,0.9986011311749728,5.952803461858102,-4.51226530517942e-07,-4.197611794088539e-07,1
117,0.998195632170033,0.0001762149980702696,2.840582363422634,-0.001494744509339174,0.9987099765637688,5.897173821974281,-4.141755761552657e-07,-3.603624290176852e-07,1
118,0.9982938619286287,0.0003041647233932911,2.715228898393523,-0.001507074995974924,0.9988705379410148,5.809109386339042,-3.923551471368627e-07,-3.30685299375157e-07,1
119,0.9981979879014867,0.0001640385964056654,2.926262469978824,-0.00148046147105119,0.9986880532829981,5.623028534402001,-4.084257291452921e-07,-3.754345689589883e-07,1
120,0.9982194537717893,0.0004413191185599187,2.746536304150769,-0.001535983643378149,0.9988349596651185,5.661344332097728,-4.128099679997994e-07,-2.975163018323269e-07,1
121,0.9983107576105,4.025260830281437e-05,2.889493626728881,-0.001447622539929465,0.9987071841842088,5.492951790560419,-3.870169806241788e-07,-3.694927270298266e-07,1
122,0.9984643721350989,0.0003732271636857585,2.426435365775597,-0.001402113005583038,0.9990054036564434,5.199335767266073,-3.651921503528622e-07,-2.546156976006582e-07,1
123,0.9983673425269212,0.0001417967675550177,2.560544591088304,-0.001408263536798184,0.9987793322744473,5.256868250520928,-3.849278212017643e-07,-3.34455984704253e-07,1
124,0.9985143851953209,0.0004251127741518536,2.203784333769396,-0.001380738582188866,0.9991359483593808,4.920627143582321,-3.607089153586743e-07,-2.19226049439173e-07,1
125,0.9983755452596622,0.0003689353934341466,2.266523050943175,-0.001495650879723447,0.9989966675713478,5.100028502717655,-3.794323781748423e-07,-2.977153779430528e-07,1
126,0.9982890197690764,0.0005358275503361216,2.272555062308494,-0.00148344823458806,0.9990758292850445,5.052219778937891,-4.130599781898111e-07,-2.14521296654618e-07,1
127,0.9984155656606608,0.0005465891521092123,2.151842074281869,-0.001449412045724366,0.9992089005584955,4.922515475449377,-3.912265699610116e-07,-1.879854600964121e-07,1
128,0.9983523436955782,0.0003735735920246042,2.20401983166732,-0.001457817208236718,0.9989619896122119,5.082915440089324,-4.205121281298166e-07,-2.523025620065716e-07,1
129,0.9982103013748951,0.0005037622575053485,2.206139966357604,-0.001551582397201725,0.9989880106664812,5.160081604975662,-4.612053538769623e-07,-2.027129146258419e-07,1
130,0.99833781815748,0.0005194851276109632,2.074590755408468,-0.001467277086319051,0.9991251943360467,4.951307800767609,-4.226214165116244e-07,-2.137979390492982e-07,1
131,0.9984353467404212,0.0005366686462756951,1.931193375420214,-0.001496852416261787,0.9990623007367013,5.08156365732448,-3.870436876664201e-07,-2.650287313588736e-07,1
132,0.9984921088153694,0.000576097854122216,1.893102189395825,-0.001458548498032687,0.9992074817973033,4.907931085095645,-3.937980737202415e-07,-2.079796652321082e-07,1
133,0.9977925933301399,0.0008786568832871771,2.111914694505688,-0.001629021639774918,0.9990580857381827,5.301031402744843,-4.861398446443673e-07,-2.004654095705642e-07,1
134,0.9984414032559183,0.0005250859210177414,1.858970972012108,-0.001535158648812783,0.9991167902048406,5.141504363290466,-3.900192207752344e-07,-2.531170755582953e-07,1
135,0.9983540130501993,0.000366436186993605,2.036479563564752,-0.001558670692698296,0.9989746174440006,5.240351891416704,-3.970306614907326e-07,-2.976395557059617e-07,1
136,0.9984618505000161,0.0004219249036298717,1.823697768010995,-0.001543108975499219,0.9989670079562956,5.232091924572373,-3.850177460789478e-07,-2.936013778289146e-07,1
137,0.9985222996553219,0.0004758141336014089,1.799603725658721,-0.001534066694708761,0.9991625913203391,5.113291025126979,-3.608657002107208e-07,-2.859790866419867e-07,1
138,0.9985583280483192,0.0006578589320961294,1.507207619904684,-0.001592267424568031,0.9990538273682802,5.447040434455508,-3.68094563331264e-07,-2.317899171348435e-07,1
139,0.9983960583848511,0.0005111891181490785,1.787732268788885,-0.001636571806384665,0.9988886633449342,5.506610957142144,-4.021266258806328e-07,-3.065643287002509e-07,1
140,0.9984464034242049,0.000608861704560825,1.717980554306042,-0.001712674905698223,0.9990467002235424,5.599592097061683,-3.902035371627941e-07,-2.705797154145246e-07,1
141,0.9984805703405211,0.0006307792904900042,1.765006072199973,-0.00164296048568595,0.9990954954746244,5.498497378628395,-3.846389022239337e-07,-2.631692989207624e-07,1
142,0.9982105159939914,0.0006088819734535818,2.166615547611655,-0.001667114411242853,0.9989857743948246,5.568637548448085,-4.270192475351898e-07,-2.76442298631442e-07,1
143,0.998233715466206,0.0005486663019426438,2.145540971101706,-0.001707054558206418,0.9989846395539397,5.669886509982904,-4.206213951297394e-07,-2.923259708116661e-07,1
144,0.9984818339930741,0.0006524161412204152,2.076282305247471,-0.001671844040202918,0.9991339306127077,5.747194516677222,-3.700589311623213e-07,-2.18981557758284e-07,1
145,0.9984461182111751,0.0005203913145048714,2.129082352593602,-0.001675313884676319,0.9989310754545864,6.02493601258796,-3.715083531677549e-07,-2.748643989625845e-07,1
146,0.9983336538504891,0.0004879146482787033,2.273460823321382,-0.001667999959916696,0.9989157051301913,6.000181381763022,-3.9280480547341e-07,-2.965679111333475e-07,1
147,0.9984399746827097,0.0005515635880146473,2.169417885902804,-0.001687027791290488,0.9990682842215324,5.958647205031388,-3.788874456234871e-07,-2.366079042921617e-07,1
148,0.9983703826596374,0.0005014719986304681,2.17465883748278,-0.00173743506917137,0.9989689937183205,5.932500712948869,-3.919849643532493e-07,-2.925078606425388e-07,1
149,0.9983354250284528,0.0005035000946435169,2.261339499796894,-0.0017188605016822,0.9989721542343549,5.882745005494012,-3.817933938457725e-07,-3.096798865587532e-07,1
