1,1,-1.463332173465343e-16,6.111982827996553e-14,3.808604278781107e-16,0.9999999999999997,5.428793006058555e-14,2.419841189083079e-19,-2.139044431040441e-19,1
2,0.9999999999999994,-6.75435675016657e-17,2.020230822139992e-13,-1.200565468505003e-16,0.9999999999999993,3.696316204242698e-13,-2.16058031616708e-19,-1.859795771880269e-19,1
3,0.9999999040520513,-2.827806970079713e-08,8.666231184049759e-05,-2.04975148313531e-08,0.9999999407705321,3.255476953507259e-05,-2.476948107789069e-11,-1.843256562025206e-11,1
4,0.9999988840031769,1.384395504919148e-07,0.0003283138545248046,-1.049039288335213e-06,0.9999997840528937,0.0005382034793609287,-7.081260872111791e-10,1.008699575908351e-10,1
5,1.000000000000013,-2.216791544901439e-14,8.308044088615185e-12,3.160817683825392e-16,0.9999999999999881,4.348595184871143e-12,8.990642710994106e-18,-1.253796252376747e-17,1
6,1.000000000000002,-4.446827039551403e-16,-1.187043869424296e-12,4.893763425222835e-16,1,-5.27951857359397e-13,4.022884523961938e-19,-1.38088356862911e-19,1
7,1,-1.019864544237823e-17,7.786590837263523e-14,-1.800266630587744e-16,1,-6.914842090580857e-15,-3.978578550414748e-20,4.953027568444181e-20,1
8,1.000000000000001,1.708856844178711e-16,-7.530975653544418e-13,1.161017503495324e-16,1,-1.442314336034309e-13,1.954466369490222e-19,1.758055348858902e-19,1
9,1.000044525593528,-4.580768235752646e-06,0.08162565886691829,-7.534806861545864e-05,1.000240002145214,0.1860560763740102,-3.383177123694933e-09,6.81227085530811e-08,1
10,0.9999999999999964,-5.693025057737446e-15,5.398245590035036e-12,3.399726008421532e-16,0.9999999999999907,5.028066335182742e-12,3.12163459551729e-19,-4.27053156467167e-18,1
11,0.9999999999999984,3.216558135527878e-18,1.070739418763541e-12,-6.539859626509394e-16,0.9999999999999994,8.762313352176896e-13,-5.911592196380784e-19,9.593261827920438e-20,1
12,1.000000000000001,2.116969335315164e-15,-1.39810723144807e-12,3.293553867540309e-17,1.000000000000002,-8.01511161459776e-13,-1.658159158552426e-20,1.169687708402454e-18,1
13,0.9999999999999999,-5.0977201227407e-17,5.261305430195825e-14,6.702422907923755e-17,0.9999999999999996,1.714955675707836e-13,5.337120774296391e-20,-1.897697457120383e-19,1
14,1,-6.610282274945865e-17,2.430567652643471e-14,0,1,-2.081375838731619e-15,8.120488207183748e-21,-1.401443702250835e-20,1
15,0.9999999999999964,1.657691084342285e-15,2.281565407274959e-12,-7.512346104952601e-16,0.999999999999999,9.296839453612541e-13,-1.301186185111009e-18,1.091041046117314e-18,1
16,1.000000000000006,5.152634855209193e-16,-4.10610435718085e-12,1.435769477540501e-15,1.000000000000003,-1.95648573640511e-12,1.747702286826065e-18,3.417073886683307e-19,1
17,0.9999999999999962,1.761055087694799e-15,8.483028258353458e-13,5.286776288908354e-15,0.9999999999999999,-7.723807583154211e-12,-2.305241102604283e-18,1.262177466156081e-18,1
18,0.9999999999999979,9.272699415265322e-17,7.117713299152886e-13,-1.081072596202508e-15,0.9999999999999984,1.501267091739989e-12,-1.056920088452108e-18,7.966825763904234e-21,1
19,1.000000000000004,8.665931774799524e-15,-5.463379664776227e-12,-2.333013708304792e-15,1.000000000000015,-5.472294266277618e-12,-2.506650629162278e-18,9.27852338660133e-18,1
20,0.9999999999994944,-1.137321253867171e-13,2.171785185884873e-10,-2.390797574377129e-13,0.999999999999113,8.240926821816925e-10,-1.284412873010901e-16,-2.374415977143262e-16,1
21,0.9999999999999993,7.347758100043584e-16,-2.311246561739976e-13,-3.755193151876517e-16,1,-1.000459785550448e-13,-4.094364137005145e-19,3.460973468799459e-19,1
22,0.9999999999999896,-4.346163919995624e-15,5.562430924256782e-12,-1.553098852432998e-15,0.9999999999999825,1.079710940532642e-11,-1.40730584576742e-18,-7.152353991931421e-18,1
23,0.9999999999999989,-6.065137526378566e-16,4.020610150221531e-13,5.29860330663678e-16,0.999999999999997,1.170102166826194e-12,4.138015725090159e-19,-1.679131441747089e-18,1
24,0.999999999999999,2.52178781162773e-15,6.938271362268843e-13,-1.837737194393032e-17,1.000000000000001,-2.170787553031601e-13,-2.933504025229274e-19,1.366528359280451e-18,1
25,1,1.159300959982251e-16,-1.488682454721668e-13,1.424646980278959e-16,1,-1.44779813491606e-13,1.192744584851022e-19,9.880902870361306e-20,1
26,0.9999999999999993,-1.40993706244607e-16,1.907601475283211e-13,-6.541835400898994e-17,0.9999999999999992,3.245597870472139e-13,-1.040035862029949e-19,-3.975830889554082e-19,1
27,1,3.293003711055943e-16,-5.943874670143373e-13,0,1,-1.011389058495873e-13,3.19329246765392e-20,2.129331582214142e-19,1
28,0.9999999999999997,1.630361357311111e-16,-1.864184837612933e-13,2.746943566082862e-17,0.9999999999999996,-6.328585194255185e-14,-9.802529010484997e-20,-7.419029672792296e-19,1
29,1,-1.265312463690799e-16,1.385568693142582e-13,0,1,1.414414327315679e-14,1.047498123670372e-20,-2.335507723867831e-20,1
30,0.9999999999999997,-9.750434360450655e-18,8.067333081407349e-14,0,0.9999999999999997,2.183690440013447e-13,-1.787349419120397e-19,-1.580637450750912e-21,1
31,1,2.053945798977654e-16,-2.619377211294143e-13,6.819131227389548e-17,1,-2.577229061357344e-13,1.509748627529494e-19,1.560349762267013e-19,1
32,0.9999999999999998,1.067658194923655e-16,-7.346128696098966e-15,-1.10092008423611e-16,1,1.090008866444831e-13,-1.743457460985517e-19,2.446321975475181e-19,1
33,0.9999999999999997,3.052038536584299e-16,1.347102768183839e-13,-1.445828428299296e-16,1,1.572925218218081e-14,-1.071383019267863e-19,1.862554608060451e-19,1
34,1.000000000000002,4.530900092935188e-16,-1.154526074796455e-12,2.299740592064466e-16,1.000000000000001,-5.661189704348177e-13,4.843986455536751e-19,4.076784609364297e-19,1
35,1,2.223485251289241e-16,-2.65273873648225e-13,3.264187285488996e-17,1.000000000000001,-2.80823775212064e-13,8.83735117927302e-20,2.609507103811429e-19,1
36,0.999999999999999,-8.542300252385292e-16,1.093061183162818e-12,-6.882408078075776e-17,0.9999999999999989,4.771316647924275e-13,-1.436117126781176e-19,-4.516393085651895e-19,1
37,0.9999999999999996,-2.443710793086544e-16,2.432404836053094e-13,-1.15676467311102e-16,0.9999999999999992,2.693653830950049e-13,-1.632445312333747e-19,-3.247833250858783e-19,1
38,1.000000000000059,-3.020088698853735e-13,1.621407755822492e-10,4.885312248719111e-14,0.99999999999982,7.047810937464336e-11,3.469290940044816e-17,-9.009444943738768e-17,1
39,1,4.983581203104158e-17,-1.832912663800996e-13,1.626421140509528e-16,1,-2.621388495317247e-13,1.19679018592833e-19,-3.674262030208526e-20,1
40,0.9999999999999922,-1.690598737089318e-15,4.894164052095115e-12,-3.014150634499056e-15,0.9999999999999947,4.215564656216548e-12,-3.086113737993374e-18,-1.10465816260773e-18,1
41,0.9991433632597193,-0.0003584489442856712,0.8899418368832686,-0.0004697305407499531,0.9989523233837134,2.027716829833781,-2.666905917149628e-07,-1.51854441433963e-07,1
42,0.9988047239627009,-0.001101967965890922,2.399457875505091,-0.000445160399944091,0.9994008602591171,1.474964944479664,-1.685055671899836e-07,-2.65789124514203e-07,1
43,0.9991764575895049,-0.0001198190330260849,1.176319651304823,-0.0003978878301481308,0.999401457578851,1.910860896478482,-2.032095160694614e-07,-1.496608387738885e-07,1
44,0.9990148458413496,-0.0001714247587847597,1.347802736820045,-0.0005106722190947242,0.9993060954841038,2.085220905941676,-2.549100594116131e-07,-1.475782941811862e-07,1
45,0.9989781579302179,-0.0002690309498233787,1.338593425635099,-0.0005237639330749033,0.9992376282366556,2.078711421093102,-2.674202700541305e-07,-2.050687365904861e-07,1
46,0.9983706970152382,-0.0006885891463378554,1.973767530319505,-0.0003860503480959056,0.9982300889435621,2.239054923795671,-2.791167199966173e-07,-5.751007991013064e-07,1
47,0.9983073328567185,-0.000637582389690011,2.200883664091551,-0.0007023595229304315,0.9988604438133664,2.205747765043326,-3.675683884377172e-07,-3.684273031555289e-07,1
48,0.9999621536656392,-0.001100690223448005,0.9088303589366691,-0.0003373780940265594,0.9995053669090357,1.378530346847388,-2.692689129049367e-08,-3.412424395691184e-07,1
49,0.9990996312471584,-0.0008312640201282818,1.920859383491738,-0.0002507028828629221,0.9996567653393901,1.25301511941781,-1.261217151466446e-07,-2.360608682925171e-07,1
50,0.9992881202204413,-0.00121765293939799,1.726650506012489,-0.0003760100863719705,0.9989272097728975,1.969943532731677,4.765718044894618e-08,-7.180369630374928e-07,1
51,0.9985427922480234,-0.0002161022565947797,1.348206963314731,-0.0008226147452673634,0.9985166519825412,3.09404566296705,-2.687991513920265e-07,-4.486760148514636e-07,1
52,0.9991656739539287,-0.0005982288261509641,0.952443423604232,-0.0005443865107340899,0.9989877909372874,2.262455150550096,-2.479523888070838e-07,-4.418862552116961e-07,1
53,0.9989339775839577,-8.554907418970541e-05,1.323379559219783,-0.0007179181120332132,0.9992603503944645,2.822468405182786,-2.734102295889253e-07,-1.671297962058419e-07,1
54,0.9990828435956145,-0.0001689064673678945,1.207311218235737,-0.0006119114636346045,0.9991856690363606,2.747658397991925,-2.041070248851204e-07,-2.83114282606499e-07,1
55,0.9990824736310148,-7.164762627949141e-06,1.122400990999546,-0.0006469402687188643,0.9992424240297703,2.874121366018597,-2.31859790647934e-07,-2.069034795464989e-07,1
56,0.9989520924031412,0.000382588101227058,0.6604390485283129,-0.0008647687275980735,0.9998600081883839,2.291386791025849,-3.436124155452933e-07,1.089246358607531e-07,1
57,0.9988708290759063,-0.000497830042958823,0.9863456168202678,-0.0004510272248046011,0.9986718118198049,2.278379059783743,-2.374223054701603e-07,-5.665784362160748e-07,1
58,0.9990146949693154,-0.0001237215952585352,1.258061296213048,-0.0006325266252832931,0.9992224976591296,2.719318086616804,-2.313314721740518e-07,-2.325714172108792e-07,1
59,0.9990903404280079,-0.0001887117236007314,1.18619815979262,-0.0002163143154872542,0.9996548317658167,1.648977108304603,-1.527999364444839e-07,-2.165709041020844e-07,1
60,0.9992730957437193,-0.0004393563563085395,1.489123708051445,-0.0003223366181192942,0.9998984605203687,1.483364919404541,-8.478085605366191e-08,-1.362210985070128e-07,1
61,0.998970296340794,-0.0002051824659318734,1.289992557577838,-0.0007045308162068886,0.9992764979752123,2.676539285654134,-2.633917671798439e-07,-1.951101958711203e-07,1
62,0.9993211330363371,0.0001280121517845266,0.7187819062867939,-0.000641552832136618,0.9995576370704408,2.348945541826467,-1.688242192074888e-07,-8.744373448122607e-08,1
63,0.9989874130509439,-7.740843255290537e-05,1.180964642278481,-0.0007005013958307245,0.9992455565030273,2.584971961067813,-2.727546480775188e-07,-1.907283825863589e-07,1
64,0.9996727822365228,-0.0005528010166871778,0.9913778194725604,-0.0004237519785581243,0.9998682339445361,1.468176710826954,-6.401334477467717e-08,-4.043178700305933e-07,1
65,0.9993394252960089,0.0003738569527405403,0.8089883160484044,-0.0004055607864649958,1.0004334124803,1.720209683205456,-1.688453726490147e-07,1.313797224278614e-07,1
66,0.9987243506735999,-0.0001810486602449801,1.592037299859402,-0.0007996660507062464,0.999004642180511,3.165090200273107,-2.961752336027702e-07,-3.052440456207887e-07,1
67,0.9986394481713726,-0.0003224876437690317,1.781263069394878,-0.0007857618033222456,0.9987961150970212,3.323548753352222,-3.150519513444416e-07,-3.487687426653008e-07,1
68,0.9986566966853476,5.539821244445416e-05,1.6308136805528,-0.0008545063855494639,0.9991420939744241,3.478137963591753,-3.506373329182185e-07,-1.80117616431777e-07,1
69,0.9986359935616091,4.737056135572398e-05,1.634346226555612,-0.0008913543075139172,0.9991216553291947,3.576113540867916,-3.555112665537171e-07,-2.034702916788701e-07,1
70,0.9986249573334205,0.000111674523287034,1.664064080432814,-0.0009275363449920365,0.9991646616881571,3.634281870434247,-3.630897971623094e-07,-1.875462369308301e-07,1
71,0.9986023818544366,0.0001162420196645695,1.675574351902132,-0.0009024432412851256,0.9991632405260696,3.633784257260606,-3.528936072523704e-07,-2.163125267564235e-07,1
72,0.9984931857568856,9.151100692899291e-05,1.779259196039592,-0.0009332914380592208,0.9990667713374529,3.682929378565261,-3.809284514315303e-07,-2.217967867087124e-07,1
73,0.9983768612201667,6.109621572967951e-07,1.928132853403125,-0.001049425904021427,0.9989334473134652,3.934428841503125,-4.128864063987129e-07,-2.475461861036039e-07,1
74,0.9984424015957055,-6.700223680314756e-05,1.89302433499192,-0.0009777818519890662,0.9988522192398673,3.88624611941594,-3.973815634458991e-07,-2.760872831208047e-07,1
75,0.998622908003803,9.614383387947871e-05,1.694870700059442,-0.0009685644689013415,0.9991692291918212,3.765943486603922,-3.58254876787999e-07,-1.806451529015979e-07,1
76,0.9986898263351748,7.415276181042485e-05,1.682017554447947,-0.000916678619590787,0.9991688489376482,3.727071411734471,-3.276836373106727e-07,-2.022790402078818e-07,1
77,0.9985290650552869,0.0001021118614948488,1.844344265993558,-0.001006193389042806,0.9991473934275649,3.922423425147243,-3.79008397301527e-07,-1.809441959690021e-07,1
78,0.9985143795023576,-7.740913473663082e-06,1.886175245678648,-0.0009819762639417132,0.9988790277616926,4.033122275908843,-3.537994396357864e-07,-2.872977376759288e-07,1
79,0.9984712936154798,2.191177650374347e-05,1.936172595186857,-0.001030283553693186,0.9988800273683051,4.111583026667573,-3.569307028458407e-07,-3.215442272296757e-07,1
80,0.9984478037318119,6.777674503147453e-05,1.905666868694484,-0.001097167662692532,0.9988720413525368,4.298120141435313,-3.915028667771829e-07,-2.496708431103831e-07,0.9999999999999999
81,0.9984851784984997,9.805150416402476e-05,1.89616599334217,-0.001054914289492943,0.9989408339173549,4.243667097951793,-3.730762396593008e-07,-2.768424303955166e-07,1
82,0.9984829011057207,0.0001020358642764609,1.923182412699203,-0.00102358880848143,0.998933390574947,4.183792191633645,-3.524872177528512e-07,-3.047110104978244e-07,1
83,0.9983670584371757,0.0001928342901140056,1.907631627306239,-0.001084366352188136,0.9989483958301089,4.230804932588433,-4.030857835325647e-07,-2.54935031219367e-07,1
84,0.9983687147351606,0.0002109873943510877,1.894085250841172,-0.00109835847296233,0.9990224344912068,4.19753024930031,-4.06716221107261e-07,-2.261114895751476e-07,1
85,0.9983920820889065,8.427523669274081e-05,1.873241506772436,-0.001079637339443365,0.9987528592337848,4.349939963816687,-3.80471304509443e-07,-3.365565109213311e-07,1
86,0.9983762098745623,8.814861077808399e-05,1.884756088015455,-0.001073755276220873,0.9986934872540427,4.378993434337564,-3.796617925528996e-07,-3.310790129330007e-07,1
87,0.9981913199017244,6.984622693359524e-05,2.092144735449042,-0.001197010741552535,0.9986758359705269,4.552519140041605,-4.288132504575844e-07,-3.16595026287569e-07,1
88,0.9982453932700063,-2.360091000575812e-05,2.130165394879571,-0.001164673851589667,0.9985679602670626,4.649917082622005,-3.925410139842956e-07,-3.601690096347563e-07,1
89,0.9984056646250209,9.916879550959756e-05,1.893235340464601,-0.001174096503488796,0.9987423579367813,4.670465889171503,-3.781149409265826e-07,-2.941278701145903e-07,1
90,0.9985425908546829,8.320995176970838e-05,1.748078741393775,-0.001201141824143377,0.9988488176904856,4.642536196004579,-3.469836052559689e-07,-3.081314482660875e-07,0.9999999999999999
91,0.9984671900896991,-0.0001029479861555354,1.903135830378998,-0.001179346164043085,0.9987022618592132,4.628462045815246,-3.550769234022661e-07,-3.595881160254587e-07,1
92,0.9985375605331948,-3.708055423991427e-05,1.863263618400189,-0.001186343115289362,0.9988352889852344,4.591093920703292,-3.193189566050777e-07,-3.625126582933486e-07,1
93,0.9984066473964821,-0.0001184538638092141,2.021269533106528,-0.001171091735211814,0.998612450952198,4.722625217331148,-3.286086377150964e-07,-4.340109364985944e-07,1
94,0.9985129569797232,0.0001296599100258447,1.747641546294188,-0.001163716090518206,0.9986880443381243,4.650564383399313,-3.245308962126448e-07,-4.09473288136637e-07,1
95,0.9983734982808881,0.0002072430517606377,1.849635321380821,-0.001212111926857599,0.9988019522733406,4.618015037900246,-3.700861358890076e-07,-3.544729904941942e-07,1
96,0.9983159848052831,0.0002457310943650834,1.870378714605114,-0.00126869524218476,0.9987690472355525,4.699781385650007,-3.892938482848772e-07,-3.487168629641583e-07,1
97,0.9984068382413323,0.000261634970907653,1.834688476879924,-0.001264204770398114,0.9988619067939438,4.693865067979384,-3.760088118706364e-07,-3.061353098529473e-07,1
98,0.9983313534794358,0.0002582718951881956,1.856361421682369,-0.001335145764733236,0.9987129697184118,4.925253340695295,-3.913116431008715e-07,-3.430674847657726e-07,1
99,0.9984436254628614,0.0001123103853261541,1.862791317401094,-0.001326538572387771,0.9985906294665597,5.053489531783156,-3.657051046536428e-07,-4.023464191711325e-07,1
100,0.9985432306063423,0.000272076602823583,1.705234302324415,-0.001282042756395424,0.9987980274864144,4.925838426871709,-3.401556822105336e-07,-3.300724072181518e-07,0.9999999999999999
101,0.9985388074315625,0.0001295691317895151,1.851415234309304,-0.001317979473977956,0.9987782305247819,4.997778334736437,-3.285093637795003e-07,-3.700636156710482e-07,1
102,0.9985851142611916,0.0002110658562987476,1.74986457491918,-0.001278047022888993,0.9988291490005197,4.918271275152986,-3.233988230354296e-07,-3.546395029488541e-07,1
103,0.998494296528333,0.0001720171086855039,1.875404163427574,-0.001358183517645304,0.9988668713106483,5.032181572985158,-3.553063636487317e-07,-3.323991835079008e-07,1
104,0.9983996545822793,0.0002175743417608737,1.893701777064378,-0.001366673281219185,0.9987936750962535,5.069994113611804,-3.775929122063427e-07,-3.404424607360473e-07,1
105,0.9984225866786444,0.0003748885116401107,1.991619529414389,-0.001420195387846412,0.9989283798192219,5.155704019262072,-3.541658847857068e-07,-3.396025293648404e-07,1
106,0.9983859240924251,0.0002289084127840039,2.17990817038067,-0.001350480747294111,0.9989127714594513,5.129445062348559,-3.788509079943096e-07,-3.203414965313421e-07,1
107,0.9984224408615812,0.0001911215472241034,2.205908408541959,-0.001364836303580088,0.9988517915026173,5.287752134554875,-3.693395932173853e-07,-3.324965267662309e-07,1
108,0.9983066362080797,0.0001686780855324038,2.45495149654441,-0.001431605098328811,0.9987524873663438,5.557472103757107,-4.089299122771116e-07,-3.096431896454127e-07,1
109,0.9982278529856168,-2.09520735769136e-05,2.650758366032009,-0.001462416102524799,0.9985863320218922,5.601290529694802,-3.982744853618334e-07,-4.302577219749025e-07,1
110,0.9984885678336637,0.0001463425889268675,2.530418625493621,-0.001437951218596251,0.9989450608534612,5.683717789900317,-3.379926377753801e-07,-3.415414782763365e-07,1
111,0.9983459690314307,0.0001027369888484164,2.673190743525293,-0.001423441663326637,0.9987387948079812,5.76872341686147,-3.878826014729661e-07,-3.603166441978603e-07,1
112,0.998204891238575,6.762751215597153e-05,2.822142558310014,-0.001477372972459232,0.998597222297977,5.937054045261959,-4.247888333098241e-07,-3.757344242021207e-07,1
113,0.998263808456752,0.0001825074931532158,2.808379669763249,-0.001511296143353866,0.9986418349341522,5.984170881831157,-3.891115593568117e-07,-3.843409906671753e-07,1
114,0.9981961800189888,0.0002440595727027804,2.807551052979973,-0.001489706632855701,0.9988193044699923,5.82868420756374,-4.05651547241019e-07,-3.696084837078634e-07,1
115,0.9983303096691555,9.930577356249662e-05,2.784729828955173,-0.00142690394824722,0.9987600603062302,5.808656293753129,-3.698233150766634e-07,-4.056710506429082e-07,0.9999999999999999
116,0.9981023406754203,9.664404567955593e-05,2.958600833987981,-0.001523611448799022,0.9986856936793979,5.94115801811856,-4.328001426999019e-07,-3.955594532858126e-07,1
117,0.9982352065577867,0.0002263415733696014,2.797076797392837,-0.001501154372877387,0.998765302655875,5.903391725555017,-4.087791662809615e-07,-3.303906729525815e-07,1
118,0.9982879645258066,0.000265472042320554,2.74584201916028,-0.001515088054966408,0.9988712667197202,5.805663541184273,-3.992934679032202e-07,-3.292138611388703e-07,1
119,0.9982362434223153,0.00017255208783341,2.896388483048396,-0.0014760455267813,0.9987100983217123,5.616290962885681,-4.008946283443551e-07,-3.661193236271561e-07,1
120,0.998250971109465,0.0003684977733924323,2.763899581602637,-0.001521300599836087,0.9987288064481384,5.70557729099275,-3.87914241862106e-07,-3.48404168087799e-07,1
121,0.9982847319252847,0.0001826774195745629,2.831560757268632,-0.001455905438858744,0.9988178710858955,5.44146616342813,-4.013348395174122e-07,-3.166623732186414e-07,1
122,0.9984654289054569,0.0003794604761073054,2.429281436502695,-0.001408064239250182,0.9990108131118119,5.204679996521911,-3.644777660666665e-07,-2.482962679140633e-07,1
123,0.9984255856014367,0.0001904778307723578,2.499987423119858,-0.001396141591057799,0.9988113850323344,5.254629039216848,-3.722490708714745e-07,-3.127303104557613e-07,1
124,0.9985173115639387,0.0004324687151270979,2.192299522765636,-0.001386151810334283,0.999126463364595,4.942690870091996,-3.583348663819647e-07,-2.254722188094378e-07,1
125,0.9983516207968837,0.0003785423277600791,2.254428951502562,-0.001495746226397993,0.9989522630695857,5.126802225333059,-3.857746538460011e-07,-3.091846824482977e-07,1
126,0.9982914678104766,0.0005351598989719419,2.267394919989529,-0.001469415600375479,0.9990958525287376,5.018320538877744,-4.062507576663289e-07,-2.1815162444612e-07,0.9999999999999999
127,0.9983741374918348,0.0004196808581017199,2.226349931549819,-0.001443619963764913,0.9990641554233406,4.984484401524735,-3.997103996058588e-07,-2.302821631157022e-07,1
128,0.9983397975122129,0.0003417389863170309,2.212850743199528,-0.00146192638588132,0.9989237364374066,5.108115173380228,-4.219843899021172e-07,-2.591966492762888e-07,1
129,0.9982189348433748,0.0004902984115963784,2.192978479853506,-0.001550168233302439,0.9989706039395557,5.171470475850861,-4.627803915598078e-07,-2.033332571686757e-07,1
130,0.9983027930049921,0.0004829469234201401,2.104410786600191,-0.001481849768297385,0.999082423686774,4.977704622110396,-4.344353031341609e-07,-2.227846655254091e-07,1
131,0.9984215172571627,0.0005386934252443362,1.950109954328894,-0.001485264132066323,0.9990833124739926,5.046391597704967,-3.951232545332439e-07,-2.49872039915472e-07,1
132,0.9985216332467896,0.0005974662946004059,1.83289854867852,-0.00145819248709175,0.9992635086162843,4.874826317353747,-3.944665947795437e-07,-1.938274473725251e-07,0.9999999999999999
133,0.9984604543859327,0.000643303140716634,1.766202619156403,-0.001526629279971104,0.9991430733140627,5.12027957878343,-4.048975300004889e-07,-2.096786859143821e-07,1
134,0.9984667320390427,0.000599330292111874,1.812486925791045,-0.001537176859130131,0.9991857152421036,5.113675261285365,-3.887506810474848e-07,-2.334398770142793e-07,1
135,0.9984078271215024,0.0004715238824382438,1.9262621062541,-0.001554070077745061,0.9990404609441159,5.222377011082979,-3.835633689969922e-07,-2.646234327800836e-07,1
136,0.9984836035162966,0.0004588122621950292,1.80064673797558,-0.001537017885766765,0.9990093446321526,5.225688632839175,-3.75647422205263e-07,-2.809053668049277e-07,1
137,0.9984756218519092,0.0004751999402219767,1.829056583040144,-0.001555239304966191,0.9991130428621389,5.173085407715378,-3.743182565502647e-07,-2.820587955866276e-07,1
138,0.9985524667699693,0.0006933711930410597,1.517907238845918,-0.001600095335428105,0.9991397600673484,5.397394026403055,-3.73433892337647e-07,-2.122582367345854e-07,1
139,0.9984175202596937,0.0005432065881212736,1.764028519085323,-0.001632257284960056,0.9988872886177154,5.519346075276317,-3.913957259965943e-07,-3.016369720890412e-07,1
140,0.9983928161593977,0.0006376928773846059,1.714754497858054,-0.00173650431613871,0.9990154858259294,5.642190563054474,-4.053229288331193e-07,-2.739458988293864e-07,1
141,0.9984548927239515,0.0006471737109129839,1.801504422825564,-0.001667413200315845,0.9990961787345201,5.517897984349042,-3.905077316795476e-07,-2.595211070436266e-07,1
142,0.9981996675078678,0.0006378569650149627,2.165582550512577,-0.001670271549492745,0.9989848661161613,5.586079622982843,-4.311475006187337e-07,-2.648992058869784e-07,1
143,0.9981775579884598,0.0005333939876251936,2.211661543647156,-0.001728016143563902,0.9989520854809086,5.710630241264546,-4.288824314858026e-07,-2.999238158155443e-07,1
144,0.9985011124285692,0.0006733808109038113,2.041508458796137,-0.001668434286358619,0.9991561404653736,5.732121480632401,-3.687564417475291e-07,-2.093448482404191e-07,1
145,0.9984628387952875,0.0005872363515636305,2.095760543560641,-0.001673373108197406,0.9989789576235576,6.004815681395106,-3.677730794978107e-07,-2.491037775482322e-07,1
146,0.9983650119627067,0.0005109769819155666,2.230633637049477,-0.001663999957864403,0.998925216041354,6.000569824649359,-3.84612886147104e-07,-2.944702984387184e-07,1
147,0.9984813957326775,0.0005804842660179362,2.148206106141258,-0.001647256345883436,0.9991089942927728,5.909911214773115,-3.622290335486423e-07,-2.222115668661693e-07,1
148,0.998363626046141,0.0005128699847789343,2.186219511640167,-0.001724936010529505,0.9989945703188526,5.908918169467594,-3.924591729023451e-07,-2.869126996441655e-07,1
149,0.9984403766627022,0.0006346320839704264,2.07229937550911,-0.001699794762534033,0.9990604126600294,5.859231886525787,-3.748971910927233e-07,-2.561476658146935e-07,1
